
Largest byte count: 4,278,311

Byte - Percent - Count
92: 0.475  20,325
A2: 0.483  20,675
AE: 0.499  21,336
AD: 0.501  21,440
9A: 0.525  22,466
B2: 0.567  24,243
D5: 0.569  24,359
A6: 0.571  24,449
67: 0.586  25,086
A9: 0.626  26,765
A7: 0.635  27,163
BB: 0.638  27,314
A5: 0.64  27,393
B3: 0.644  27,534
B1: 0.655  28,013
91: 0.661  28,263
93: 0.684  29,269
99: 0.685  29,327
B5: 0.691  29,546
27: 0.695  29,738
E7: 0.698  29,865
D7: 0.703  30,095
37: 0.719  30,776
63: 0.722  30,910
9B: 0.726  31,048
AA: 0.726  31,081
6D: 0.727  31,111
26: 0.73  31,236
8F: 0.731  31,264
AF: 0.731  31,286
6E: 0.736  31,468
69: 0.739  31,608
BA: 0.74  31,658
62: 0.754  32,242
6F: 0.755  32,315
97: 0.755  32,316
3A: 0.767  32,832
2D: 0.776  33,183
36: 0.789  33,774
DA: 0.792  33,897
E3: 0.794  33,973
22: 0.815  34,889
6B: 0.823  35,208
3E: 0.825  35,275
9F: 0.827  35,380
2E: 0.837  35,792
7B: 0.837  35,819
7A: 0.839  35,910
9D: 0.845  36,131
E6: 0.846  36,215
ED: 0.85  36,375
96: 0.856  36,616
BD: 0.859  36,770
2A: 0.862  36,894
65: 0.869  37,187
2F: 0.877  37,532
BF: 0.888  37,976
5A: 0.904  38,669
31: 0.922  39,443
71: 0.934  39,977
9E: 0.938  40,126
1B: 0.962  41,156
EF: 0.973  41,637
21: 0.977  41,815
1A: 0.991  42,408
35: 0.996  42,602
CD: 1.0  42,763
19: 1.01  43,337
17: 1.03  44,080
1E: 1.04  44,298
AB: 1.04  44,419
3D: 1.04  44,691
87: 1.05  44,951
82: 1.05  44,958
1D: 1.06  45,318
EA: 1.06  45,358
23: 1.06  45,525
D3: 1.08  46,241
BE: 1.08  46,296
79: 1.09  46,421
DE: 1.09  46,718
E2: 1.12  47,855
DF: 1.15  49,353
3F: 1.15  49,365
8E: 1.17  50,018
13: 1.19  51,009
25: 1.19  51,112
EE: 1.21  51,943
D6: 1.22  52,020
9C: 1.23  52,490
98: 1.23  52,572
1F: 1.23  52,628
E1: 1.24  53,155
BC: 1.26  53,987
B4: 1.26  53,988
AC: 1.27  54,151
32: 1.31  55,835
DD: 1.31  55,945
12: 1.32  56,399
16: 1.32  56,436
A0: 1.33  57,029
4B: 1.34  57,360
7F: 1.36  58,029
77: 1.36  58,106
C5: 1.36  58,143
FA: 1.41  60,231
D1: 1.42  60,745
6C: 1.44  61,593
76: 1.44  61,615
29: 1.44  61,619
B7: 1.44  61,632
F2: 1.45  62,181
60: 1.46  62,257
CA: 1.47  62,864
94: 1.5  64,258
A3: 1.51  64,695
F5: 1.53  65,573
61: 1.57  67,332
4F: 1.58  67,537
8C: 1.59  67,898
DB: 1.62  69,282
43: 1.64  70,303
FB: 1.65  70,491
86: 1.66  71,045
95: 1.68  71,715
CB: 1.68  71,731
A4: 1.7  72,641
CF: 1.7  72,704
70: 1.72  73,503
3C: 1.74  74,314
D4: 1.74  74,454
0E: 1.75  74,688
73: 1.77  75,665
34: 1.77  75,681
F7: 1.84  78,791
49: 1.87  80,040
DC: 1.89  80,797
39: 1.89  80,939
B0: 1.93  82,681
FD: 1.93  82,722
4A: 1.96  83,822
A8: 1.96  83,964
B9: 1.97  84,370
78: 1.98  84,725
2C: 1.99  85,010
72: 2.04  87,323
F9: 2.07  88,431
0B: 2.08  89,031
38: 2.1  89,690
A1: 2.1  89,995
0A: 2.14  91,468
2B: 2.15  91,911
E4: 2.22  94,965
F1: 2.28  97,371
8A: 2.29  97,866
15: 2.38  101,801
7C: 2.46  105,287
09: 2.47  105,508
D2: 2.49  106,572
81: 2.64  112,974
CE: 2.67  114,440
4E: 2.79  119,437
47: 2.8  119,785
7E: 2.84  121,331
B6: 2.85  121,888
5B: 2.97  126,861
5C: 2.98  127,562
58: 3.0  128,223
30: 3.04  129,885
07: 3.06  130,914
42: 3.18  135,905
88: 3.2  136,842
F6: 3.22  137,585
11: 3.29  140,552
59: 3.31  141,560
4C: 3.36  143,873
66: 3.38  144,548
E0: 3.42  146,354
0D: 3.48  148,690
20: 3.48  148,923
1C: 3.54  151,633
C9: 3.6  154,032
53: 3.61  154,285
54: 3.63  155,118
7D: 3.63  155,400
B8: 3.76  161,066
D0: 3.83  163,780
48: 3.86  165,315
5F: 3.88  165,786
06: 3.91  167,093
90: 3.96  169,354
84: 3.99  170,758
80: 4.06  173,708
D8: 4.06  173,880
41: 4.18  179,039
52: 4.21  180,055
E5: 4.27  182,475
05: 4.39  187,708
18: 4.57  195,498
57: 4.76  203,601
40: 4.77  203,986
FE: 4.78  204,384
F4: 4.78  204,510
28: 4.89  209,122
64: 4.98  213,210
F3: 5.24  224,115
C8: 5.26  224,953
44: 5.44  232,647
C6: 5.47  234,028
46: 5.51  235,856
3B: 5.6  239,587
F0: 5.66  242,290
EB: 5.87  251,141
03: 6.09  260,465
14: 6.14  262,656
33: 6.16  263,457
5E: 6.23  266,513
68: 6.29  268,982
C2: 7.06  302,003
F8: 7.19  307,625
6A: 7.23  309,334
56: 7.25  310,074
D9: 7.5  320,944
C1: 7.59  324,833
51: 7.89  337,415
02: 8.63  369,018
C3: 8.63  369,273
C4: 8.72  373,235
75: 9.63  411,852
E9: 10.5  448,747
C0: 10.8  461,664
5D: 11.2  477,353
85: 11.3  481,442
C7: 11.3  483,738
EC: 11.6  495,916
10: 12.1  516,535
74: 12.1  517,451
FC: 12.3  525,462
55: 13.0  556,974
0C: 13.1  560,789
50: 13.2  564,154
24: 16.7  714,384
4D: 17.0  727,035
8D: 18.7  798,872
83: 20.5  876,370
04: 20.7  887,105
89: 22.0  942,295
08: 22.2  951,362
45: 22.3  951,999
0F: 22.5  962,164
E8: 26.9  1,149,816
01: 27.4  1,173,520
FF: 55.1  2,359,115
CC: 73.3  3,137,643
8B: 76.3  3,265,159
00: 1e+02  4,278,311
